-5.924183820307061588e+00
-5.791972073927816211e+00
-5.787922199546626345e+00
-5.791790503090394893e+00
-5.792026538464424057e+00
-5.795898053225220004e+00
-5.791687684503415312e+00
-5.792664179021235427e+00
-5.800255548054066956e+00
-5.800247916755436606e+00
-5.800247931879129126e+00
-5.792229406635502897e+00
-5.795110904136585361e+00
-5.831735225527753919e+00
-5.831735284752425308e+00
-5.803906772145136728e+00
-5.803431417634817180e+00
-5.803465100240899233e+00
-5.847496826376842982e+00
-5.850005269000845942e+00
-5.849938780480561817e+00
-6.000000000000000000e+00
-6.000000000000000000e+00
-6.000000000000000000e+00
-6.000000000000000000e+00
-6.000000000000000000e+00
-6.000000000000000000e+00
-6.000000000000000000e+00
-6.000000000000000000e+00
