5.166920600994686197e+00
5.145977088089021656e+00
5.145168065702172555e+00
5.145957424781610001e+00
5.146025661991371791e+00
5.146787222285441388e+00
5.145241988185492943e+00
5.145627270592487257e+00
5.146958704757835790e+00
5.147014151430136408e+00
5.147014154621394333e+00
5.132589443939613361e+00
5.097678666807523129e+00
5.101885599053938236e+00
5.101885596407978340e+00
4.983487969424523989e+00
4.983135544216874990e+00
4.983138223094286445e+00
4.493041255707622028e+00
4.472894756790315896e+00
4.472898762991315280e+00
7.674501283110473082e+00
3.305329571896024277e+00
3.303181633126357042e+00
5.636244394831237514e+00
7.677821163308522046e+00
7.401628162721749504e+00
7.401400568360514853e+00
3.474908386788968073e+00
